BIB_ID
263884
685817
808138
878398
936483
1933563
1943238
2146822
2154301
2182216
2310548
2463225
2734918
2745781
2864232
2885636
2903394
3504062
3504064
3504066
3510485
3655781
3817572
3849306
4005466
4033926
4033938
4125554
4400325
4728355
4907583
4971052
5153220
5184629
5314507
5420777
5454343
5545750
5620517
5717929
5865540
5975021
5980631
5997802
6030083
6047914
6059482
6199457
6201305
6216697
6385200
6385594
6400421
6402089
6575331
6654585
6711941
6780490
6802979
6962643
6980197
6980554
6995150
7117357
7125944
7128990
7146562
7199560
7357457
7478081
7486593
7510212
7512797
7544393
7551038
7731814
7767158
7859998
7921914
7935815
8028074
8074653
8210498
8261996
8266758
8288127
8312143
8466368
8476115
8487889
8548175
8595043
8646375
8767009
8812607
8813841
8827853
8827944
8856739
8865854
8910059
8911948
8915605
8915723
8916966
8918627
8928417
8947968
9133189
9215427
9215975
9218010
9256646
9266746
9268185
9279604
9295235
9295318
9324737
9331422
9335058
9421334
9427368
9431116
9431574
9432074
9452661
9597450
9599073
9628361
9651511
9663271
9667888
9675355
9692604
9717169
9718068
9718460
9718763
9718807
9727381
9754373
9762340
9763903
9767625
9790597
9792654
9827627
9829004
9830128
9833813
9834208
9836748
9836758
9838522
9844746
9844911
9846192
9861955
9861960
9864246
9864311
9864857
9871022
9898058
9898066
9898067
9898070
9898072
9898080
9898081
9898084
9899291
9907089
9917465
9924438
9924551
9926399
9929486
9935918
9945754
9972604
9981834
9982877
9982885
10000387
10054521
10064729
10070827
10086191
10086877
10087105
10092846
10095135
10096021
10098777
10101458
10101466
10101535
10103946
10160953
10160954
10160957
10160958
10169411
10171249
10171549
10172248
10206033
10206305
10206464
10206492
10206647
10206652
10206654
10206655
10206657
10206658
10206659
10206660
10206661
10206662
10206663
10206664
10206665
10206666
10206668
10206669
10206670
10206671
10206672
10206673
10206693
10206694
10206695
10206696
10206697
10206698
10206699
10206700
10206701
10206702
10206703
10206704
10206705
10206706
10206707
10206708
10206709
10206710
10206711
10206712
10206713
10206714
10206715
10206716
10206718
10206719
10206720
10206721
10206722
10206723
10206724
10206725
10206726
10206728
10206729
10206730
10206731
10206732
10206733
10206735
10206736
10206738
10206739
10206740
10206741
10206742
10206743
10206744
10206745
10206746
10206747
10206748
10206749
10206877
10206881
10206886
10206888
10206892
10206898
10206967
10207142
10207143
10207144
10207145
10207146
10207147
10207149
10207150
10207151
10207153
10207154
10207155
10207156
10207157
10207158
10207159
10207160
10207161
10207162
10207163
10207164
10207165
10207166
10207167
10207168
10207169
10207200
10207222
10207224
10207226
10207236
10207241
10207247
10207252
10207259
10207287
10207291
10207339
10207342
10207563
10207585
10207599
10207610
10207612
10207613
10207616
10207637
10207638
10207639
10207640
10207641
10207642
10207643
10207644
10207646
10207647
10207648
10207650
10207651
10207659
10207661
10207662
10207669
10207698
10207938
10207939
10207940
10207941
10207942
10207943
10207944
10207945
10207960
10207961
10207963
10207967
10207969
10208070
10208071
10208072
10208074
10208075
10208077
10208078
10208079
10208080
10208081
10208082
10208084
10208085
10208086
10208087
10208088
10208089
10208092
10208093
10208094
10208096
10208097
10208098
10208099
10208101
10208102
10208103
10208104
10208105
10208106
10208107
10208108
10208109
10208110
10208111
10208135
10208147
10208152
10208154
10208156
10208171
10208187
10208190
10208221
10208262
10208265
10208275
10208283
10208292
10208296
10212343
10212347
10212349
10212351
10212354
10212356
10212358
10212360
10212363
10212366
10212367
10212369
10212371
10212375
10212377
10212379
10212381
10212384
10212386
10212388
10212938
10212939
10212940
10212941
10212942
10212943
10212944
10212945
10212946
10212947
10212948
10212949
10212950
10212951
10212952
10212953
10212954
10213001
10213084
10213092
10213103
10213104
10213141
10213267
10213269
10213271
10213272
10213274
10213275
10213276
10213277
10213278
10213279
10213280
10213281
10213282
10213304
10213308
10213316
10213319
10213353
10213394
10213400
10213405
10213406
10213407
10213409
10213414
10213421
10213519
10213525
10213527
10213535
10213537
10213544
10213546
10213549
10213553
10213555
10213556
10213558
10213569
10213570
10213571
10213573
10213575
10213592
10213593
10213594
10213595
10213596
10213597
10213598
10213599
10213600
10213602
10213639
10213711
10213971
10213974
10213976
10214313
10214319
10214322
10214323
10214329
10214330
10214331
10214332
10214335
10214336
10214337
10214340
10214341
10214342
10214343
10214344
10214345
10214346
10214349
10214350
10214351
10214352
10214353
10214354
10214375
10214392
10214429
10214578
10214768
10214770
10214771
10214773
10214774
10214775
10214800
10214992
10215076
10215079
10215104
10215105
10215106
10215107
10215108
10215109
10215110
10215113
10215126
10215127
10215128
10215136
10215179
10215184
10215365
10215380
10215407
10215417
10215443
10215444
10215445
10215446
10215448
10215449
10215450
10215451
10215452
10215453
10215454
10215477
10215481
10215482
10215487
10215488
10215491
10215494
10218032
10225662
10225699
10225719
10226257
10226259
10226262
10226263
10226264
10226265
10226266
10226267
10226268
10226269
10226270
10226271
10226272
10226273
10226274
10226275
10226276
10226277
10226278
10226279
10226280
10226282
10226283
10226291
10226292
10226293
10226294
10226295
10226296
10226297
10226298
10226300
10226301
10226302
10226303
10226304
10226305
10226306
10226823
10227077
10227104
10227107
10227109
10227112
10227114
10227136
10227171
10227174
10227176
10227190
10227192
10227193
10227194
10227197
10227202
10227204
10227206
10227225
10227226
10227228
10227229
10227230
10227231
10227232
10227233
10227234
10227235
10227236
10227238
10227259
10227260
10227263
10227268
10227301
10227302
10227522
10227524
10227537
10227550
10227551
10227616
10231994
10231995
10231996
10231997
10231998
10231999
10232000
10232001
10232037
10232065
10232066
10232067
10232068
10232069
10232070
10232071
10232089
10232091
10232106
10232108
10232109
10232113
10232117
10232125
10232129
10232130
10232132
10232136
10232141
10232146
10232151
10232153
10232158
10232159
10232160
10232161
10232163
10232164
10232165
10232166
10232167
10232168
10232169
10232170
10232171
10232173
10232175
10232176
10232177
10232185
10232188
10232189
10232190
10232191
10232192
10232193
10232194
10232195
10232197
10232199
10232200
10232201
10232202
10232203
10232205
10232206
10232209
10232213
10232222
10232224
10232230
10232240
10232241
10232242
10232279
10232348
10232404
10232410
10232420
10232499
10232500
10232677
10232678
10232679
10232680
10232681
10232682
10232683
10232684
10232685
10232686
10232687
10232688
10232690
10232691
10232692
10232693
10232694
10232695
10232696
10232697
10232698
10232699
10232700
10232707
10232708
10232710
10232714
10233581
10233594
10233595
10233615
10233621
10233623
10233626
10233635
10233655
10233823
10233882
10233883
10233895
10233901
10233905
10233907
10233911
10233917
10233929
10233931
10234288
10234290
10234291
10234292
10234293
10234294
10234299
10234303
10234305
10234307
10234308
10234312
10234313
10234314
10234315
10234316
10234317
10234319
10234320
10234321
10234322
10236711
10236723
10236801
10236925
10237075
10237129
10237142
10237149
10237152
10237155
10237170
10237682
10237684
10237691
10237699
10237703
10237704
10237710
10237711
10237712
10237855
10237927
10237987
10238001
10238008
10238028
10238051
10238052
10238053
10238054
10238056
10238057
10238058
10238059
10238060
10238061
10238062
10238063
10238064
10238065
10238066
10238067
10238068
10238070
10238071
10238072
10238074
10238075
10238123
10238131
10238223
10239887
10239982
10239983
10239984
10239985
10239986
10239987
10239988
10239989
10239990
10239991
10239992
10239993
10239994
10239995
10239996
10239997
10239998
10240020
10240021
10240031
10240046
10240048
10240049
10240050
10240051
10240052
10240053
10240054
10240055
10240056
10240057
10240058
10240059
10240060
10240061
10240062
10240063
10240064
10240079
10240080
10240081
10240086
10240091
10240112
10240115
10240136
10240158
10240164
10240205
10240244
10240246
10240260
10240505
10240511
10240527
10240531
10240546
10240708
10240712
10240764
10240765
10240775
10240776
10240777
10240784
10240785
10240786
10240787
10240789
10240790
10240791
10240793
10240795
10240796
10240797
10240798
10240799
10240800
10240803
10240804
10240805
10240806
10240810
10240813
10240824
10241124
10241126
10241129
10241133
10241137
10242194
10242197
10242203
10242205
10242208
10242671
10242676
10242678
10242679
10242681
10242685
10242859
10242860
10242861
10242872
10242873
10242878
10242881
10242885
10242887
10243467
10243505
10243577
10243984
10244095
10244181
10244182
10244183
10244184
10244185
10244186
10244187
10244188
10244189
10244216
10244873
10245060
10245061
10245072
10245074
10245107
10245108
10245225
10245274
10245564
10245572
10245587
10245612
10245614
10245733
10245811
10245813
10245814
10245816
10245818
10245819
10245820
10245821
10245915
10246245
10246247
10246248
10246251
10246325
10246326
10246329
10246331
10246332
10246333
10246334
10246335
10246339
10246340
10246355
10246362
10246363
10246364
10246365
10246373
10246404
10246537
10246563
10246577
10246582
10246757
10246813
10246814
10246845
10246868
10246880
10246904
10246905
10246906
10246907
10246910
10246911
10246915
10246917
10246920
10246921
10246922
10246930
10246932
10246941
10246942
10246955
10246956
10247790
10247795
10247800
10247801
10247802
10247803
10247805
10247819
10247821
10247823
10247826
10247828
10247829
10247831
10247840
10247845
10247847
10247850
10247856
10247857
10247859
10247861
10247892
10247901
10247902
10247903
10247905
10247907
10247909
10247910
10247912
10247913
10247914
10247916
10247918
10247919
10247921
10247923
10247924
10247925
10247926
10247928
10247930
10247931
10247932
10247933
10247934
10247935
10247939
10247952
10247963
10247968
10247969
10247974
10247975
10247980
10247983
10247984
10247986
10247989
10247990
10247992
10248028
10248040
10248041
10248042
10248044
10248051
10248058
10248063
10248090
10248117
10248157
10248177
10248191
10248197
10248438
10248439
10248455
10248461
10248465
10248466
10248467
10248468
10248469
10248470
10248471
10248472
10248473
10248474
10248475
10248476
10248477
10248478
10248479
10248480
10248481
10248482
10248483
10248484
10248485
10248486
10248718
10248888
10249017
10249024
10249104
10249105
10249106
10249107
10249108
10249115
10249191
10249204
10249207
10249208
10249218
10249272
10249712
10249727
10249729
10249772
10249917
10249918
10249919
10249920
10249921
10249922
10249923
10249924
10249926
10249928
10249930
10249931
10249932
10249933
10249948
10249949
10249950
10249952
10249958
10249959
10249961
10249966
10249967
10250026
10250159
10250208
10250226
10250230
10250232
10250237
10250238
10250240
10250254
10250255
10250257
10250263
10250273
10250304
10250305
10250306
10250307
10250308
10250309
10250310
10250311
10250312
10250313
10250314
10250315
10250316
10250317
10250318
10250319
10250320
10250321
10250322
10250323
10250324
10251143
10251144
10251145
10251147
10251148
10251150
10251151
10251152
10251153
10251159
10251160
10251166
10251168
10251173
10252167
10252178
10258734
10258744
10258747
10258754
10258761
10258851
10258852
10260480
10260485
10260498
10260500
10260501
10260711
10261079
10261080
10261184
10261265
10261296
10261342
10261344
10261351
10261545
10261558
10261659
10261942
10261943
10261944
10261945
10261946
10261947
10261948
10261949
10261967
10261990
10262172
10262174
10262177
10262180
10262188
10262193
10262330
10262331
10262332
10262333
10262334
10262335
10262336
10262337
10262338
10262339
10262340
10262341
10262342
10262343
10262344
10262345
10262346
10262347
10262348
10262349
10262350
10262351
10262352
10262353
10262355
10262356
10262357
10262358
10262452
10262455
10262584
10262655
10275420
10276758
10278717
10283829
10286900
10292387
10292388
10292389
10292392
10292393
10292394
10292396
10292397
10292398
10292399
10292400
10292401
10292402
10292403
10292405
10292406
10292407
10292408
10292409
10292410
10292446
10292450
10292454
10292456
10292471
10292475
10292491
10292492
10292497
10292657
10292660
10292763
10292764
10292765
10292766
10292790
10292798
10292801
10292802
10292803
10292804
10292805
10292806
10292807
10292809
10292810
10292811
10292812
10292813
10292814
10292815
10292816
10292817
10292818
10292819
10292820
10292821
10292822
10292823
10292824
10292825
10292826
10292827
10292828
10292829
10292830
10292831
10292833
10292834
10292835
10292836
10292838
10292839
10292840
10292841
10292842
10292843
10292844
10292845
10292846
10292847
10292876
10293067
10293081
10293092
10293129
10293133
10293263
10293324
10293472
10293486
10294075
10294339
10294342
10294388
10294389
10294390
10294391
10294392
10294393
10294394
10294395
10294404
10294462
10294780
10294895
10294988
10294989
10294990
10294991
10294992
10294993
10295016
10295023
10295268
10295326
10295337
10295343
10295359
10295403
10295405
10295406
10295416
10295419
10295420
10295421
10295432
10295434
10295436
10295499
10295801
10295934
10295970
10296099
10296100
10296114
10296115
10296116
10296117
10296118
10296119
10296120
10296214
10296375
10296544
10296722
10296800
10296868
10296869
10296871
10296872
10296873
10296874
10296894
10296990
10297108
10297242
10297313
10297392
10297393
10297394
10297395
10297396
10297397
10297398
10297400
10297402
10297403
10297404
10297406
10297407
10297408
10297409
10297410
10297412
10297414
10297415
10297416
10297418
10297419
10297423
10297425
10297426
10297428
10297429
10297430
10297449
10297450
10297451
10297452
10297453
10297454
10297455
10297456
10297457
10297458
10297460
10297461
10297462
10297463
10297464
10297465
10297466
10297467
10297468
10297469
10297471
10297472
10297473
10297474
10297475
10297476
10297479
10297480
10297481
10297482
10297483
10297484
10297485
10297486
10297487
10297488
10297489
10297490
10297491
10297492
10297493
10297728
10297789
10297795
10297807
10297823
10297839
10297848
10297912
10297913
10297914
10297915
10297916
10297917
10297918
10297920
10297921
10297922
10297923
10297924
10297925
10297926
10297928
10297929
10297930
10297931
10297932
10297933
10297934
10297935
10297936
10297937
10297938
10297945
10297950
10297954
10297956
10297957
10297958
10297959
10297960
10297961
10297962
10297963
10297964
10297965
10297966
10297967
10297968
10297969
10297970
10297971
10297973
10297974
10297975
10297976
10297977
10297978
10297979
10297980
10297981
10297982
10297983
10297984
10297985
10297986
10297987
10297988
10297989
10297990
10297991
10297992
10297993
10297994
10297995
10297996
10297997
10297999
10298000
10298001
10298002
10298003
10298004
10298005
10298006
10298007
10298009
10298028
10298033
10298038
10298357
10298378
10298534
10298537
10298540
10298548
10298549
10298550
10298551
10298552
10298553
10298554
10298555
10298556
10298558
10298560
10298561
10298562
10298563
10298564
10298565
10298566
10298567
10298568
10298569
10298570
10298572
10298573
10298574
10298575
10298576
10298577
10298578
10298579
10298580
10298581
10298582
10298583
10298585
10298586
10298726
10298743
10298745
10298746
10298747
10298750
10298751
10298752
10298754
10298839
10298846
10298847
10298848
10298849
10298850
10298878
10298997
10298999
10299000
10299001
10299002
10299003
10299004
10299012
10299014
10299016
10299017
10299018
10299019
10299020
10299021
10299023
10299024
10299025
10299027
10299030
10299064
10299065
10299066
10299067
10299069
10299070
10299071
10299072
10299073
10299074
10299075
10299076
10299077
10299078
10299080
10299081
10299082
10299083
10299208
10299481
10299485
10299491
10299518
10299526
10299528
10299529
10299599
10299613
10299631
10299643
10299646
10299648
10299653
10299659
10299714
10300133
10300138
10300187
10300188
10300192
10300193
10300194
10300195
10300196
10300198
10300205
10301773
10310317
10313976
10313977
10313978
10313990
10313996
10313997
10313998
10313999
10314001
10314002
10314003
10314004
10314006
10314007
10314008
10314009
10314010
10314011
10314012
10314013
10314014
10314015
10314016
10314017
10314018
10314019
10314168
10314366
10314367
10314429
10314431
10314432
10314433
10314434
10314435
10314438
10314555
10314744
10314747
10314781
10314816
10315141
10315283
10315311
10315445
10315446
10315447
10315449
10315450
10315451
10315452
10315453
10315454
10315456
10315457
10315458
10315459
10315460
10315461
10315462
10315463
10315464
10315465
10315467
10315468
10315469
10315470
10315471
10315473
10315474
10315475
10315476
10315477
10315478
10315479
10315480
10315481
10315482
10315483
10315484
10315485
10315486
10315487
10315488
10315489
10315490
10315491
10315492
10315493
10315494
10315495
10315496
10315497
10315500
10315501
10315502
10315503
10315504
10315505
10315506
10315507
10315508
10315509
10315510
10315511
10315512
10315513
10315514
10315515
10315516
10315517
10315518
10315519
10315520
10315521
10315522
10315523
10315524
10315525
10315526
10315527
10315528
10315529
10315530
10315531
10315532
10315547
10315564
10315721
10315904
10316029
10316030
10316031
10316032
10316033
10316034
10316035
10316036
10316042
10316043
10316044
10316045
10316046
10316047
10316048
10316049
10316050
10316051
10316052
10316476
10316477
10316478
10316479
10316484
10316486
10316547
10316560
10316561
10316562
10316563
10316564
10316565
10316566
10316567
10316568
10316569
10316570
10316571
10316572
10316573
10316574
10316575
10316576
10316577
10317244
10317253
10317254
10317255
10317256
10317257
10317258
10317259
10317274
10317278
10317280
10317285
10317294
10317448
10317778
10317780
10317799
10317800
10317801
10317802
10317803
10317804
10317805
10317806
10317807
10317809
10317810
10317811
10317812
10317813
10317815
10317816
10317817
10317818
10317819
10317822
10317824
10317826
10317827
10317828
10317829
10317830
10317831
10317834
10317835
10317836
10317837
10318248
10318314
10319189
10319205
10319206
10319207
10319208
10319209
10319210
10319212
10319213
10319214
10319216
10319217
10319218
10319219
10319220
10319236
10319237
10319238
10319260
10319376
10319577
10319901
10319903
10319904
10319906
10319907
10319908
10319909
10319910
10319912
10319913
10319914
10319915
10319916
10319917
10319918
10319919
10319920
10319921
10319922
10319975
10319976
10319977
10319978
10319979
10319980
10319981
10319994
10319995
10319996
10319997
10319998
10319999
10320013
10320014
10320027
10320028
10320029
10320030
10320031
10320032
10320033
10320035
10320036
10320151
10320171
10320173
10320381
10320384
10320459
10320466
10320468
10320476
10320490
10320492
10320516
10320517
10320518
10320553
10320555
10320556
10320557
10320558
10320559
10320560
10320561
10320562
10320563
10320567
10320568
10320569
10320570
10320571
10320572
10320573
10320574
10320583
10320591
10320595
10320596
10320598
10320601
10320602
10320603
10320604
10320606
10320607
10320609
10320611
10320641
10321459
10321464
10321465
10321483
10321484
10321485
10321486
10321487
10321488
10321489
10321490
10321491
10321492
10321493
10322053
10322318
10322323
10322456
10322471
10322477
10322479
10322482
10322483
10322782
10322868
10322869
10322870
10322871
10322872
10322879
10322885
10322886
10322887
10322888
10322889
10322923
10322930
10322938
10322941
10322986
10322990
10323068
10323190
10323267
10323282
10323283
10323285
10323288
10323290
10323291
10323292
10323293
10323294
10323296
10323297
10323298
10323299
10323300
10323301
10323302
10323303
10323304
10323305
10323306
10323307
10323308
10323309
10323310
10323311
10323313
10323314
10323315
10323316
10323317
10323319
10323326
10323330
10323332
10323337
10323341
10323355
10323364
10323365
10323367
10323370
10323376
10323379
10323382
10323385
10323389
10323393
10323484
10323644
10323646
10323649
10323652
10324373
10324374
10324375
10324376
10324377
10324379
10324381
10324389
10324396
10324397
10324399
10324401
10324403
10324404
10324405
10324424
10324427
10325848
10325851
10325852
10325854
10325963
10325964
10325965
10325967
10325970
10326002
10327063
10327064
10327065
10327066
10327068
10327084
10327085
10327094
10327096
10327102
10327863
10327864
10327866
10327867
10327870
10327871
10327873
10327875
10327876
10327877
10327878
10327880
10327882
10327883
10327884
10327885
10327886
10327887
10327890
10327891
10327927
10327943
10327944
10327945
10327946
10327947
10327948
10327949
10328017
10328119
10328155
10328164
10328214
10328315
10328446
10328447
10328448
10328449
10328450
10328451
10328452
10328454
10328456
10328457
10328458
10328459
10328460
10328461
10328462
10328463
10328464
10328465
10328466
10328467
10328468
10328469
10328470
10328471
10328472
10328473
10328474
10328475
10328476
10328477
10328478
10328479
10328529
10328568
10328601
10328604
10328608
10328634
10328637
10328644
10328673
10328800
10328878
10328883
10328889
10328899
10328900
10328902
10328903
10328904
10328905
10328906
10328907
10328908
10328909
10328910
10328911
10328913
10328915
10328917
10328919
10328920
10328922
10328925
10328926
10328929
10328931
10328933
10328934
10328935
10328938
10328939
10328940
10328941
10328942
10328943
10329018
10329019
10329020
10329032
10329034
10329037
10329042
10329050
10329051
10329052
10329053
10329054
10329055
10329058
10329059
10329061
10329062
10329063
10329064
10329273
10329302
10329307
10329428
10329439
10329440
10329441
10329450
10329458
10329460
10329471
10329472
10329474
10329490
10329501
10329509
10329510
10329511
10329512
10329513
10329514
10329515
10329516
10329517
10329518
10329519
10329520
10329521
10329522
10329523
10329524
10329525
10329589
10329591
10329592
10329594
10329596
10329600
10329601
10329610
10329633
10329762
10329767
10329768
10329801
10329807
10329976
10333880
10333881
10333889
10333893
10333894
10333895
10333896
10333897
10333898
10333899
10333900
10333901
10333902
10333903
10333904
10333907
10333908
10333909
10334796
10334797
10334804
10334807
10334816
10334817
10334819
10334820
10334821
10334824
10334825
10334826
10334841
10334869
10334874
10334878
10334880
10334939
10334947
10334953
10334955
10335194
10335437
10335439
10335442
10335551
10335552
10335553
10335555
10335556
10335557
10335558
10337517
10337676
10343544
10343545
10343546
10343547
10343548
10343549
10343550
10343555
10343557
10343560
10343561
10343562
10343563
10343564
10343565
10343567
10343568
10343569
10343570
10343571
10343572
10343573
10343574
10343575
10343576
10343577
10343578
10343579
10343580
10343581
10343582
10343583
10343584
10343585
10343586
10343587
10343588
10343589
10343591
10343592
10343593
10343594
10343596
10343597
10343598
10343599
10343600
10343603
10343605
10343606
10343607
10343608
10343610
10343611
10343613
10343615
10343616
10343627
10343643
10343663
10343694
10343696
10343697
10343699
10345452
10345459
10345464
10345476
10345481
10345495
10345523
10345524
10345526
10345533
10345535
10345536
10345541
10345542
10345543
10345545
10345546
10345547
10345548
10345549
10345550
10345551
10345552
10345556
10345557
10345559
10345560
10346355
10346356
10346357
10346358
10346359
10346360
10346361
10346362
10346363
10346364
10346365
10346366
10346368
10346369
10346371
10346372
10346374
10346375
10346376
10346401
10346403
10347426
10347478
10347479
10347480
10347490
10347520
10347643
10347646
10347681
10349699
10349700
10349701
10349702
10349705
10349707
10349708
10349709
10349740
10352386
10352387
10352391
10352396
10352607
10352621
10352628
10352629
10352630
10352631
10352632
10352633
10352634
10352635
10352637
10352642
10352643
10352644
10352645
10352646
10352647
10352648
10352649
10352650
10352651
10352652
10352653
10352654
10352655
10352656
10352657
10352658
10352659
10352660
10352661
10352662
10352716
10352764
10352795
10352820
10352880
10352887
10352894
10352903
10352919
10352978
10352982
10353036
10353037
10353038
10353039
10353040
10353041
10353042
10353043
10353044
10353045
10353046
10353047
10353048
10353049
10353050
10353051
10353052
10353053
10353054
10353055
10353056
10353057
10353058
10353059
10353074
10353312
10353418
10353421
10353422
10353423
10353424
10353425
10353426
10353427
10353434
10353435
10353445
10353446
10353447
10353448
10353449
10353450
10353451
10353452
10353453
10353454
10353455
10353456
10353457
10353458
10353459
10353460
10353461
10353462
10353463
10353464
10353465
10353466
10353467
10353469
10353470
10353471
10353639
10353866
10353900
10353906
10353908
10353911
10353915
10353917
10353918
10353919
10353926
10353930
10353933
10353944
10353945
10353946
10353947
10353948
10353949
10353950
10353951
10353952
10353953
10353954
10353956
10353961
10353962
10353963
10353964
10353967
10353968
10353969
10353970
10353971
10353984
10353988
10354063
10354460
10354461
10354462
10354463
10354464
10354465
10354466
10354490
10354498
10354499
10354500
10354501
10354502
10354503
10354504
10354505
10354506
10354507
10354508
10354509
10354510
10354511
10354512
10354513
10354514
10354515
10354516
10354517
10354518
10354519
10354520
10354521
10354522
10354523
10354524
10354525
10354526
10354527
10354528
10354529
10354531
10354532
10354533
10354534
10354535
10354536
10354537
10354538
10354539
10354540
10354541
10354542
10354544
10354545
10354546
10354547
10354548
10354549
10354550
10354551
10354552
10354554
10354555
10354556
10354557
10354558
10354559
10354560
10354561
10354562
10354563
10354564
10354566
10354567
10354568
10354569
10354570
10354571
10354572
10354573
10354574
10354576
10354577
10354578
10354579
10354580
10354581
10354582
10354584
10354585
10354586
10354587
10354588
10354590
10354592
10354593
10354597
10354601
10354604
10354605
10354609
10354610
10354612
10355241
10355249
10355250
10355252
10355255
10355256
10355257
10355258
10355259
10355260
10355261
10355262
10355263
10355307
10355308
10355309
10355310
10355311
10355312
10355313
10355314
10355315
10355316
10355317
10355318
10355320
10355321
10355322
10355323
10355773
10355826
10355827
10355828
10355829
10355830
10355831
10355832
10355835
10355836
10355837
10355839
10355841
10355842
10355865
10355869
10355936
10355937
10355938
10355940
10355941
10355942
10355943
10355944
10355945
10355946
10355947
10355948
10355949
10355950
10355951
10355959
10355963
10355970
10355974
10355977
10355982
10355983
10355986
10355987
10355988
10355995
10356005
10356015
10356099
10356100
10356112
10356113
10356135
10356136
10356139
10356154
10356162
10356179
10356182
10356188
10356195
10356265
10356364
10356369
10356375
10356384
10356386
10356387
10356435
10356439
10356440
10356441
10356445
10356447
10356450
10356454
10356456
10356511
10356512
10356547
10356548
10356549
10356550
10356551
10356552
10356554
10356563
10356568
10356569
10356572
10356574
10356577
10356579
10356580
10356924
10356937
10356938
10356940
10356957
10356967
10356968
10356969
10356971
10356972
10356974
10356975
10356977
10356978
10356979
10356980
10356981
10356982
10356983
10357021
10357024
10357031
10357036
10357039
10357045
10357055
10357064
10357066
10357067
10357073
10357074
10357077
10357086
10357087
10357093
10357337
10357647
10357703
10357709
10357894
10357895
10357897
10357899
10357900
10357902
10357904
10357913
10357914
10357916
10357917
10357918
10357920
10357925
10357926
10357927
10357928
10357929
10357930
10357931
10357933
10357935
10357936
10357937
10357941
10357942
10357951
10357953
10357955
10357958
10357961
10357964
10357966
10357972
10357973
10357974
10357975
10357976
10357978
10357980
10358004
10358031
10358069
10358070
10358071
10358072
10358073
10358074
10358075
10358076
10358077
10358078
10358079
10358088
10358092
10358093
10358094
10358095
10358096
10358097
10358098
10358099
10358100
10358101
10358102
10358103
10358104
10358105
10358106
10358107
10358108
10358109
10358110
10358111
10358112
10358113
10358114
10358115
10358116
10358117
10358118
10358119
10358120
10358125
10358131
10358397
10358677
10358678
10358679
10358680
10358681
10358682
10358683
10358684
10358685
10358686
10358687
10358688
10358690
10358691
10358692
10358693
10358694
10358695
10358696
10358699
10358702
10358703
10358717
10358718
10359092
10359108
10359110
10359115
10359116
10359117
10359193
10359194
10359195
10359196
10359197
10359199
10359200
10359201
10359202
10359203
10359204
10359205
10359206
10359207
10359208
10359209
10359210
10359222
10359223
10359225
10359229
10359233
10359297
10359323
10359534
10359607
10359613
10359614
10359615
10359616
10359621
10359622
10359624
10359629
10359632
10359635
10359636
10359638
10359640
10359694
10359695
10359736
10359737
10359738
10359739
10359740
10359741
10359742
10359743
10359744
10359745
10359746
10359747
10359748
10359749
10359750
10359751
10359752
10359753
10359754
10359755
10359756
10359757
10359758
10359759
10359760
10359761
10359762
10359763
10359764
10359765
10359766
10359767
10359768
10359769
10359770
10359771
10359772
10359773
10359774
10359775
10359776
10359777
10359778
10359779
10359780
10359781
10359782
10359783
10359784
10359785
10359786
10359801
10359811
10359819
10359848
10359856
10359859
10359875
10359882
10359884
10359887
10359939
10360019
10360027
10360125
10360126
10360127
10360128
10360129
10360130
10360131
10360153
10360155
10360156
10360157
10360158
10360161
10360170
10360186
10360202
10360203
10360204
10360206
10360207
10360208
10360209
10360210
10360211
10360212
10360213
10360214
10360215
10360216
10360217
10360276
10360676
10360677
10360678
10360679
10360680
10360681
10360682
10360683
10360684
10360685
10360686
10360687
10360688
10360689
10360690
10360691
10360692
10360693
10360694
10360695
10360696
10360697
10360698
10360699
10360700
10360701
10360702
10360703
10360704
10360736
10360746
10360747
10360751
10360752
10360872
10360927
10360932
10360933
10360949
10360954
10360964
10360966
10361289
10361348
10361349
10361350
10361351
10361352
10361353
10361354
10361355
10361356
10361357
10361358
10361359
10361360
10361361
10361362
10361363
10361364
10361365
10361366
10361367
10361368
10361369
10361973
10361975
10361980
10361993
10362006
10362007
10362008
10362012
10362015
10362022
10362071
10362915
10362916
10362917
10362918
10362919
10362920
10362921
10362923
10362924
10362925
10362926
10362927
10362928
10362929
10362930
10362931
10362932
10362933
10362934
10362935
10362936
10362937
10362938
10362939
10362940
10362941
10362943
10362944
10362945
10362946
10362947
10362949
10362951
10362952
10362953
10362979
10362986
10362987
10362992
10362996
10363013
10363023
10363111
10363112
10363443
10363444
10363445
10363451
10363453
10363454
10363455
10363456
10363458
10363460
10363461
10363462
10363463
10363464
10363465
10363466
10363467
10363468
10363469
10363506
10363511
10363513
10363514
10363517
10363518
10363576
10363618
10363671
10363678
10363739
10363765
10363787
10363858
10363859
10363861
10363862
10363863
10363864
10363865
10363866
10363867
10363868
10363869
10363870
10363871
10363872
10363873
10363874
10363875
10363876
10363877
10363878
10363879
10363880
10363881
10363882
10363893
10376295
10376309
10376310
10376314
10376320
10376323
10376326
10376332
10376335
10376338
10376357
10376380
10376383
10376384
10376385
10376387
10376393
10376395
10376397
10376399
10376400
10376406
10376407
10376408
10376409
10376410
10376415
10376417
10376419
10376420
10376423
10376424
10376425
10376427
10376432
10376447
10376448
10376449
10376450
10376451
10376452
10376453
10376454
10376455
10376456
10376457
10376459
10376460
10376461
10376462
10376463
10376464
10376465
10376466
10376467
10376468
10376469
10376470
10376471
10376472
10376473
10376474
10376475
10376477
10376478
10376479
10376480
10376485
10376494
10376496
10376551
10376553
10376554
10376555
10376556
10376557
10376650
10376651
10376653
10376654
10376656
10376661
10376716
10376980
10376981
10376982
10376983
10376984
10376985
10376986
10376987
10376988
10376989
10377038
10377413
10377418
10377420
10377422
10377431
10377463
10377466
10377534
10377535
10377536
10377537
10377538
10377539
10377540
10377541
10377543
10377544
10377545
10377546
10377629
10377630
10377632
10377634
10377636
10377637
10377638
10377640
10377641
10377642
10377644
10377645
10377646
10377648
10377649
10377651
10377652
10377653
10377654
10377655
10377656
10377657
10377658
10377660
10377662
10377663
10377664
10377878
10377883
10377889
10377902
10377911
10377942
10377943
10377944
10377991
10377992
10377994
10377995
10377996
10377997
10377999
10378001
10378003
10378004
10378005
10378006
10378007
10378008
10378009
10378010
10378011
10378012
10378014
10378015
10378016
10378017
10378018
10378019
10378020
10378021
10378022
10378023
10378024
10378025
10378026
10378027
10378028
10378029
10378034
10378139
10378144
10378215
10378227
10378249
10378456
10378458
10378460
10378461
10378462
10378463
10378464
10378465
10378466
10378467
10378486
10378487
10378644
10378701
10378705
10378709
10378712
10379940
10379991
10379996
10379998
10379999
10380000
10380001
10380002
10380003
10380004
10380005
10380022
10380024
10380025
10380026
10380027
10380028
10380029
10380030
10380031
10380032
10380033
10380034
10380035
10380036
10380039
10380041
10380042
10380043
10380044
10380045
10380052
10380053
10380054
10380057
10380060
10380069
10380075
10380077
10380078
10380080
10380082
10380350
10380359
10380364
10380365
10380368
10380369
10380376
10380402
10380793
10380799
10380804
10380805
10380806
10381381
10381485
10381515
10381630
10381631
10381632
10381633
10381634
10381635
10381636
10381637
10381638
10381639
10381640
10381641
10381642
10381644
10381645
10381792
10381794
10381795
10381796
10381797
10381798
10381799
10381804
10381829
10381834
10382088
10382099
10382107
10382109
10382110
10382111
10382112
10382113
10382115
10382116
10382117
10382118
10382119
10382121
10382122
10382123
10382124
10382125
10382126
10382128
10382495
10382499
10382500
10382501
10382503
10382912
10382913
10382914
10382915
10382916
10382917
10382918
10382919
10382920
10382921
10382922
10382923
10382924
10382925
10382926
10382927
10382929
10382930
10382931
10382932
10382933
10382934
10382935
10382936
10382937
10382938
10382939
10382940
10382941
10382942
10382943
10382944
10382945
10382946
10382947
10382948
10382949
10382950
10382951
10382952
10382953
10383145
10383256
10383258
10383286
10383294
10383325
10383338
10383339
10383340
10383341
10383342
10383343
10383345
10383346
10383347
10383348
10383349
10383350
10383351
10383352
10383354
10383355
10383366
10383372
10383374
10383376
10383523
10383702
10383714
10383717
10383719
10383923
10383962
10383998
10383999
10384000
10384001
10384002
10384003
10384004
10384017
10384030
10384035
10384036
10384038
10384040
10384042
10384135
10384510
10385122
10385123
10385124
10385125
10385126
10385127
10385128
10385129
10385130
10385132
10385133
10385134
10385135
10385136
10385137
10385138
10385139
10385140
10385141
10385142
10385143
10385144
10385145
10385146
10385147
10385148
10385150
10385151
10385153
10385154
10385155
10385156
10385157
10385158
10385159
10385160
10385161
10385162
10385163
10385164
10385165
10385166
10385167
10385168
10385169
10385170
10385171
10385172
10385173
10385174
10385175
10385176
10385177
10385178
10385179
10385180
10385181
10385201
10385203
10385417
10385620
10385680
10385681
10385682
10385683
10385684
10385685
10385686
10385687
10385688
10385689
10385690
10385691
10385692
10385693
10385694
10385695
10385696
10385697
10385698
10385699
10385700
10385701
10385702
10385710
10385714
10385806
10385994
10386002
10386115
10386158
10386161
10386162
10386163
10386883
10386885
10387278
10387540
10387545
10387621
10387623
10387624
10387625
10387626
10387627
10387628
10387629
10387630
10387633
10387635
10387726
10387729
10387856
10387882
10387890
10387919
10387922
10387931
10387993
10387994
10388003
10388005
10388006
10388007
10388008
10388009
10388010
10388011
10388012
10388013
10388014
10388015
10388016
10388543
10388544
10388545
10388546
10388659
10393140
10393455
10393488
10393506
10393533
10393547
10393548
10393549
10393550
10393551
10393552
10393553
10393554
10393555
10393556
10393557
10393558
10393559
10393560
10393561
10393562
10393563
10393564
10393580
10393582
10393584
10393585
10393586
10393587
10393588
10393589
10393590
10393591
10393592
10393627
10393629
10393677
10393679
10393683
10393686
10393687
10393712
10393720
10397231
10397238
10403563
10404248
10404250
10404251
10404252
10404253
10404408
10404591
10404592
10404594
10404602
10404603
10404605
10404613
10404616
10405220
10405221
10405222
10405223
10405224
10405225
10405226
10405227
10405228
10405229
10405310
10405314
10405608
10405610
10405622
10405638
10405641
10405644
10405645
10405648
10405649
10405662
10405896
10405916
10406085
10406189
10406296
10406308
10406309
10406310
10406311
10406312
10406313
10406314
10406315
10406316
10406317
10406319
10406323
10406325
10406328
10406334
10406335
10406352
10406490
10406491
10406492
10406493
10406494
10406495
10406565
10406575
10406620
10406622
10406625
10406628
10406637
10406681
10406682
10406683
10406684
10406685
10406686
10406687
10406688
10406689
10406751
10407152
10407154
10407462
10407463
10407843
10407844
10407845
10407846
10407847
10407848
10407849
10407855
10407861
10407863
10407864
10407866
10407873
10407896
10433415
